696190560

-1	0	1	2	3	4	5	6	



-1	0	1	2	3	4	5	7	



-1	0	1	2	3	4	5	38	



-1	0	1	2	3	4	5	52	



-1	0	1	2	3	4	5	57	



-1	0	1	2	3	4	5	58	



-1	0	1	2	3	4	5	63	



-1	0	1	2	3	4	6	63	



-1	0	1	2	3	4	7	63	



-1	0	1	2	3	4	38	63	



-1	0	1	2	3	5	44	63	



-1	0	1	2	3	6	7	63	



-1	0	1	2	3	6	38	63	



-1	0	1	2	3	6	44	63	



-1	0	1	2	3	7	44	63	



-1	0	1	2	3	38	44	63	



-1	0	1	2	4	38	44	63	



-1	0	1	2	5	38	44	63	



-1	0	1	2	6	38	44	63	



-1	0	1	2	38	44	63	64	



-1	0	1	3	38	44	63	64	



-1	0	1	5	38	44	63	64	



-1	0	1	6	38	44	63	64	



-1	0	5	6	38	44	63	64	



-1	0	6	7	38	44	63	64	



-1	0	6	23	38	44	63	64	



-1	0	6	38	44	55	63	64	



-1	6	7	23	38	44	63	64	



-1	6	7	23	38	44	63	64	



0	1	2	3	4	5	8	9	10	11	12	13	14	15	16	17	18	19	20	21	22	24	25	26	27	28	29	30	31	32	33	34	35	36	37	39	40	41	42	43	45	46	47	48	49	50	51	52	53	54	55	56	57	58	59	60	61	62	


第1次加边前的最大值:2.468177
加边后变大的值2.55481
第2次加边前的最大值:2.554805
加边后变大的值2.59781
第3次加边前的最大值:2.597808
加边后变大的值2.62994
第4次加边前的最大值:2.629943
加边后变大的值2.65347
第5次加边前的最大值:2.653471
加边后变大的值2.67252
第6次加边前的最大值:2.672524
加边后变大的值2.68385
第7次加边前的最大值:2.683847
加边后变大的值2.69444
第8次加边前的最大值:2.694443
加边后变大的值2.70444
第9次加边前的最大值:2.704439
加边后变大的值2.71345
第10次加边前的最大值:2.713446
加边后变大的值2.72002
第11次加边前的最大值:2.720017
加边后变大的值2.72495
第12次加边前的最大值:2.724950
加边后变大的值2.72716
第13次加边前的最大值:2.727156
加边后变大的值2.72793
第14次加边前的最大值:2.727932
加边后变大的值2.72858
第15次加边前的最大值:2.728581
加边后变大的值2.72861
第16次加边前的最大值:2.728607
加边后变大的值2.72861
第17次加边前的最大值:2.728610

-1	6	7	23	38	44	63	64	55	45	14	61	20	5	56	25	30	26	28	31	36	13	11	33	


第1次减边前的最大值:2.728610
停止的最大值:2.728610
最终选择指标下标:

-1	6	7	23	38	44	63	64	55	45	14	61	20	5	56	25	30	26	28	31	36	13	11	33	


